[-10.97011179  -4.96885522   0.30160206   1.        ]
[-10.6620146   -4.99344136   0.45908954   1.        ]
[-10.66194949  -4.9884873    0.45827162   1.        ]
[-10.66596262  -4.99632419   0.45681293   1.        ]
[-10.66845074  -4.99052148   0.45773061   1.        ]
[-10.67399103  -4.99770403   0.45562346   1.        ]
[-10.6738211   -4.98390508   0.439209     1.        ]
[-10.67987191  -4.98618606   0.43421278   1.        ]
[-10.68787691  -4.98668477   0.42786081   1.        ]
[-10.69377537  -4.98620451   0.42186137   1.        ]
[-10.70139094  -4.98454521   0.41580607   1.        ]
[-10.4716394  -5.0061741   0.5379368   1.       ]
[-10.48167116  -5.00229734   0.53420649   1.        ]
[-10.49800658  -5.00820967   0.52912833   1.        ]
[-10.5136428   -5.00650384   0.51347784   1.        ]
[-10.52946818  -5.00447971   0.50185293   1.        ]
[-10.79117892  -4.97927017   0.3598523    1.        ]
[-10.57637379  -5.00129223   0.46150307   1.        ]
[-10.59876243  -5.00772519   0.45243755   1.        ]
[-10.62331435  -5.00197725   0.42642901   1.        ]
[-10.46001584  -5.02221608   0.52111839   1.        ]
[-10.6662      -5.00428163   0.37789096   1.        ]
[-10.6774898   -5.00751893   0.3735382    1.        ]
[-10.34133269  -5.03723956   0.56589697   1.        ]
[-10.35791673  -5.03889744   0.55204969   1.        ]
[-10.53656009  -5.01879883   0.43679488   1.        ]
[-10.56367692  -5.01881196   0.40712027   1.        ]
[-10.77624019  -4.99909498   0.22980336   1.        ]
[-10.45334738  -5.0334962    0.45547003   1.        ]
[-10.62881316  -5.00930849   0.31772109   1.        ]
[-10.64122249  -5.01445159   0.28981494   1.        ]
[-10.49628063  -5.04771934   0.40780089   1.        ]
[-10.6624573   -5.03886459   0.27606126   1.        ]
[-10.51030602  -5.05218851   0.38512749   1.        ]
[-10.38968381  -5.05895117   0.4750878    1.        ]
[-11.10904481  -4.96135569  -0.11491996   1.        ]
[-10.88655938  -4.98888613   0.06170862   1.        ]
[-10.43122158  -5.05004796   0.42299796   1.        ]
[-10.72873414  -5.0093835    0.16453471   1.        ]
[-10.46109827  -5.04771517   0.38833042   1.        ]
[-10.75639941  -5.00720957   0.12154464   1.        ]
[-10.62441089  -5.03209052   0.23022737   1.        ]
[-10.40657706  -5.05979202   0.41846079   1.        ]
[-10.12655242  -5.09234273   0.72138214   1.        ]
[-10.45120895  -5.06429961   0.36265832   1.        ]
[-10.4765657   -5.04327763   0.40150922   1.        ]
[-10.00443733  -5.11105154   0.82894588   1.        ]
[-9.95678135 -5.11904841  0.87789808  1.        ]
[-10.44393116  -5.05582649   0.40527871   1.        ]
[-10.37741199  -5.06173396   0.46285557   1.        ]
[-10.39830087  -5.06279943   0.43777001   1.        ]
[-10.34961509  -5.07354345   0.47163068   1.        ]
[-10.26205033  -5.09049815   0.56144058   1.        ]
[-10.34081409  -5.08342174   0.4700764    1.        ]
[-10.42289404  -5.07426546   0.36185756   1.        ]
[-10.32019496  -5.08624811   0.47829768   1.        ]
[-10.44684665  -5.07704123   0.31553045   1.        ]
[-10.33656623  -5.08832899   0.44015971   1.        ]
[-10.34986694  -5.08897199   0.41896127   1.        ]
[-10.41694289  -5.08587307   0.32424569   1.        ]
[-10.27909282  -5.09662671   0.49891319   1.        ]
[-10.38037386  -5.0908654    0.35471222   1.        ]
[-10.34381863  -5.0908111    0.40792515   1.        ]
[-10.35355502  -5.1017643    0.38001052   1.        ]
[-10.28264873  -5.10331306   0.48437555   1.        ]
[-10.33191917  -5.10173644   0.40176673   1.        ]
[-10.30410324  -5.10896863   0.42965386   1.        ]
[-10.36036874  -5.10729868   0.34352234   1.        ]
[-10.42027179  -5.11027423   0.23604146   1.        ]
[-10.25636303  -5.1189265    0.49276252   1.        ]
[-10.2997316   -5.11821747   0.40524157   1.        ]
[-10.3486748   -5.11793874   0.31262457   1.        ]
[-10.33253761  -5.1193034    0.31912345   1.        ]
[-10.17683766  -5.1237544    0.62703877   1.        ]
[-12.64668395  -4.87993205   0.45666603   1.        ]
[-13.25582844  -4.82421461   0.21014836   1.        ]
[-13.281478    -4.8206816    0.20097758   1.        ]
[-12.71007467  -4.87576443   0.40672093   1.        ]
[-12.7155046   -4.87473556   0.39243849   1.        ]
[-12.72485506  -4.87447711   0.39239476   1.        ]
[-12.32362214  -4.90066049   0.55284262   1.        ]
[-12.02706433  -4.9082643    0.67704521   1.        ]
[-13.37639488  -4.7568498    0.11429838   1.        ]
[-13.404653    -4.76230697   0.1037954    1.        ]
[-12.83849042  -4.86791983   0.31011243   1.        ]
[-12.42932782  -4.90793402   0.48460266   1.        ]
[-12.43717209  -4.90383711   0.46506242   1.        ]
[-12.44766418  -4.91176626   0.46521903   1.        ]
[-12.45794554  -4.90808138   0.44974032   1.        ]
[-12.15797747  -4.93697402   0.5918573    1.        ]
[-12.48154555  -4.90252693   0.4236745    1.        ]
[-12.19059993  -4.93868827   0.56849244   1.        ]
[-12.51994455  -4.90191562   0.40197167   1.        ]
[-12.5386748   -4.90095481   0.39882921   1.        ]
[-12.97690886  -4.86294352   0.18225066   1.        ]
[-13.00125145  -4.85899382   0.16494463   1.        ]
[-12.29708384  -4.93139355   0.50186192   1.        ]
[-12.3279563   -4.92733436   0.49208294   1.        ]
[-12.35642791  -4.92415792   0.46422373   1.        ]
[-12.38503431  -4.92516292   0.45241835   1.        ]
[-12.17532069  -4.95176363   0.55553928   1.        ]
[-12.44846452  -4.9302147    0.40647347   1.        ]
[-12.47497774  -4.93499869   0.39698101   1.        ]
[-12.50793329  -4.92709399   0.35554638   1.        ]
[-12.53664985  -4.92527132   0.32673469   1.        ]
[-12.31441746  -4.95473236   0.44440637   1.        ]
[-12.3443244   -4.95112053   0.424761     1.        ]
[-12.37543484  -4.95795854   0.39402353   1.        ]
[-12.64422342  -4.94608474   0.22796283   1.        ]
[-12.67435423  -4.95789178   0.19950822   1.        ]
[-12.45455661  -4.9744557    0.32949302   1.        ]
[-12.27492479  -4.98604652   0.42750937   1.        ]
[-12.29375659  -4.98816468   0.40879649   1.        ]
[-12.50948451  -4.98651261   0.27995729   1.        ]
[-12.32570842  -4.9932647    0.38457943   1.        ]
[-12.34113407  -4.99081836   0.36920063   1.        ]
[-12.35810476  -4.99797283   0.36170376   1.        ]
[-12.21146715  -5.00322252   0.45981268   1.        ]
[-12.38901229  -4.99425533   0.33957959   1.        ]
[-12.24262079  -5.00212422   0.43929719   1.        ]
[-12.61024239  -4.99705954   0.15993461   1.        ]
[-12.42902016  -4.9948912    0.28795869   1.        ]
[-12.28682999  -4.99693011   0.38359513   1.        ]
[-12.30944256  -5.00462546   0.37659463   1.        ]
[-12.20247153  -5.00846691   0.45170904   1.        ]
[-12.22926108  -5.00700641   0.41895191   1.        ]
[-12.14203182  -5.01582985   0.48680868   1.        ]
[-12.28237994  -5.01043352   0.36694992   1.        ]
[-12.19223819  -5.01807376   0.42866965   1.        ]
[-12.2106754   -5.01571253   0.40900391   1.        ]
[-12.23380972  -5.01782282   0.37974593   1.        ]
[-12.16783454  -5.02246944   0.44444061   1.        ]
[-12.28353517  -5.02488452   0.30400246   1.        ]
[-12.89549089  -5.02097313  -0.28838254   1.        ]
[-12.42124111  -5.03771074   0.15812619   1.        ]
[-12.30929954  -5.03567194   0.25341912   1.        ]
[-12.88859898  -5.02399182  -0.36360162   1.        ]
[-12.54942629  -5.03029426  -0.02705425   1.        ]
[-12.3195804   -5.03206869   0.20849511   1.        ]
[-12.32255776  -5.02636457   0.19360182   1.        ]
[-12.43721982  -5.0384035    0.04659225   1.        ]
[-12.17551661  -5.02450211   0.33645039   1.        ]
[-12.18958609  -5.03001917   0.31422009   1.        ]
[-12.73467755  -5.01835182  -0.36841538   1.        ]
[-12.60887546  -5.01977246  -0.23326937   1.        ]
[-12.52057865  -5.02866196  -0.14756765   1.        ]
[-13.22031465  -5.01612754  -1.11517449   1.        ]
[-12.199414    -5.06139631   0.23490266   1.        ]
[-12.191813    -5.07172797   0.21657583   1.        ]
[-19.53668873  -4.93284555 -11.25282201   1.        ]
[-11.72956586  -5.06367831   0.96446494   1.        ]
[-12.15172439  -5.03848702   0.31604597   1.        ]
[-12.12841089  -5.03459674   0.33023484   1.        ]
[-12.1737109   -5.04345699   0.2280904    1.        ]
[-12.07213782  -5.04245167   0.39769719   1.        ]
[-11.6871735   -5.03213341   1.44805782   1.        ]
[-14.44754443  -4.86153573   0.42117903   1.        ]
[-14.46966815  -4.86379314   0.39186017   1.        ]
[-14.0706553   -4.88929368   0.55488713   1.        ]
[-14.50589619  -4.88024888   0.37138768   1.        ]
[-14.52509458  -4.88077679   0.38020805   1.        ]
[-14.53824836  -4.87538016   0.34470418   1.        ]
[-14.13164001  -4.89811803   0.5176789    1.        ]
[-14.56570638  -4.88469045   0.33003092   1.        ]
[-14.58317844  -4.88082409   0.3227152    1.        ]
[-14.18149447  -4.90381985   0.49268502   1.        ]
[-14.20126994  -4.89794844   0.45734733   1.        ]
[-14.64547374  -4.88542196   0.28485765   1.        ]
[-14.2502828   -4.89930189   0.45146483   1.        ]
[-14.27852816  -4.9056817    0.43808941   1.        ]
[-14.30542373  -4.9051851    0.42203864   1.        ]
[-14.01656968  -4.91164764   0.53073554   1.        ]
[-14.36592521  -4.90589909   0.37220938   1.        ]
[-14.08526806  -4.91705943   0.5002098    1.        ]
[-13.86975744  -4.9305685    0.59804919   1.        ]
[-14.14982292  -4.92030115   0.43831191   1.        ]
[-14.17876213  -4.91944241   0.42705565   1.        ]
[-14.20277167  -4.92230446   0.41397374   1.        ]
[-13.97958231  -4.93389893   0.51575463   1.        ]
[-13.80724375  -4.93928646   0.5934192    1.        ]
[-14.02233816  -4.93098144   0.48802968   1.        ]
[-14.0467226   -4.93334498   0.46263293   1.        ]
[-14.07406929  -4.93687964   0.44249516   1.        ]
[-13.90062269  -4.94589044   0.53340761   1.        ]
[-14.12195973  -4.93855098   0.40774064   1.        ]
[-14.14427799  -4.93482545   0.3767294    1.        ]
[-13.96879063  -4.94574637   0.48136286   1.        ]
[-14.17928162  -4.93829121   0.33543479   1.        ]
[-14.00246903  -4.94466113   0.44718102   1.        ]
[-14.0125089   -4.94340899   0.43670645   1.        ]
[-13.86677352  -4.95009345   0.52192293   1.        ]
[-14.22896865  -4.93639058   0.27881363   1.        ]
[-13.89346368  -4.95298863   0.5014812    1.        ]
[-13.90735695  -4.959253     0.48723391   1.        ]
[-14.07837668  -4.94696488   0.37687356   1.        ]
[-13.93905836  -4.95576791   0.46695439   1.        ]
[-13.8317193   -4.96781867   0.52388961   1.        ]
[-13.85824327  -4.97249979   0.50555407   1.        ]
[-14.00732613  -4.95561844   0.38523188   1.        ]
[-13.90603193  -4.96973121   0.45722255   1.        ]
[-13.92909342  -4.96805813   0.43169693   1.        ]
[-13.84510571  -4.97244119   0.51219547   1.        ]
[-13.97425607  -4.96180578   0.3878152    1.        ]
[-13.89494085  -4.96570626   0.45626576   1.        ]
[-13.91516737  -4.96400066   0.42249786   1.        ]
[-13.84887821  -4.97079284   0.46932771   1.        ]
[-13.87227126  -4.97290113   0.44862811   1.        ]
[-13.88999523  -4.96755101   0.435055     1.        ]
[-13.90850511  -4.96948287   0.40059311   1.        ]
[-13.9234461   -4.96850635   0.37996416   1.        ]
[-13.93799583  -4.97038311   0.36041609   1.        ]
[-13.87815362  -4.97459012   0.43065053   1.        ]
[-13.89298859  -4.97477556   0.39585009   1.        ]
[-13.83608931  -4.9798167    0.44578344   1.        ]
[-13.85046576  -4.98004862   0.43313907   1.        ]
[-13.80307688  -4.98203699   0.4743155    1.        ]
[-13.93987937  -4.97204783   0.31343828   1.        ]
[-14.03078961  -4.97223502   0.19453986   1.        ]
[-14.13614261  -4.96704898   0.07033407   1.        ]
[-13.81412453  -4.98457713   0.44214335   1.        ]
[-14.27453569  -4.96294358  -0.13928466   1.        ]
[-14.11136582  -4.97523293   0.04533364   1.        ]
[-13.93555809  -5.00167316   0.25189394   1.        ]
[-13.96781186  -5.00986182   0.18430972   1.        ]
[-14.00357206  -5.00706863   0.11586393   1.        ]
[-13.88892508  -5.03451732   0.23667212   1.        ]
[-13.8454374   -4.9883237    0.41582904   1.        ]
[-13.83743064  -4.99190845   0.41263634   1.        ]
[-13.82604146  -4.99482109   0.40958238   1.        ]
[-13.85211801  -5.0023014    0.34980155   1.        ]
[-13.85639081  -5.01306528   0.32395506   1.        ]
[-16.5736718    1.15888702   0.08300906   1.        ]
[-17.69521239   3.28241611  -0.41689212   1.        ]
[-13.32020278  -5.00307935   1.47796184   1.        ]
[-16.59387833   1.31897668   0.0193528    1.        ]
[ -0.14278629 -30.46472412   7.37025712   1.        ]
[-13.29521794  -5.07579772   1.52948016   1.        ]
[-13.31216367  -5.07435275   1.52967239   1.        ]
[-1.65975911e+01  1.37480478e+00 -1.38821205e-02  1.00000000e+00]
[-14.44144915  -4.88549992   0.56827475   1.        ]
[-15.9653258    0.13744158   0.27352256   1.        ]
[-14.46733796  -4.87955641   0.53888478   1.        ]
[-13.41352144  -5.06906322   1.520363     1.        ]
[-14.38094443  -4.89758791   0.60821585   1.        ]
[-14.39815068  -4.89473239   0.58681583   1.        ]
[-14.37085862  -4.90000774   0.61657968   1.        ]
[-14.61734612  -4.85980684   0.35117106   1.        ]
[-14.33101652  -4.90591096   0.65177628   1.        ]
[-14.48134126  -4.88326751   0.47484751   1.        ]
[-14.41674058  -4.89982953   0.5323138    1.        ]
[-14.41251021  -4.9040495    0.53875737   1.        ]
[-14.3374097   -4.91722485   0.62283147   1.        ]
[-14.41262318  -4.90637034   0.50432974   1.        ]
[-14.37224014  -4.91537669   0.55103738   1.        ]
[-14.3456828   -4.91969678   0.58372333   1.        ]
[-14.36917851  -4.91870426   0.52858363   1.        ]
[-14.35362572  -4.92394633   0.54818017   1.        ]
[-14.35838758  -4.92602825   0.53589388   1.        ]
[-14.33820304  -4.93060629   0.5543791    1.        ]
[-15.19739837  -3.02670077   0.65040474   1.        ]
[-15.35473207  -2.79710123   0.54984836   1.        ]
[-15.53679242  -2.5292853    0.44012068   1.        ]
[-15.55481128  -2.51344778   0.42780277   1.        ]
[-15.77513411  -2.17575731   0.27805239   1.        ]
[-15.57315791  -2.45458367   0.39778078   1.        ]
[-15.78558523  -2.11740569   0.25113626   1.        ]
[-15.79090137  -2.09247963   0.24099778   1.        ]
[-15.5940247   -2.40656786   0.37274665   1.        ]
[-15.79649521  -2.07149591   0.23233353   1.        ]
[-15.79594298  -2.04267372   0.22132978   1.        ]
[-15.60233211  -2.3638927    0.35903846   1.        ]
[-15.80251501  -2.03207678   0.22105651   1.        ]
[-15.13691953  -3.15437834   0.68665449   1.        ]
[-16.36353186  -0.99261297  -0.20980879   1.        ]
[-15.60877641  -2.30789759   0.33475794   1.        ]
[ -7.55763027 -17.02726197   6.43935835   1.        ]
[-15.25231986  -2.94067629   0.5960429    1.        ]
[-15.79374762  -1.89640724   0.16462974   1.        ]
[-15.60693824  -2.20482642   0.29713934   1.        ]
[ -2.1569259  -30.28442195  14.1721187    1.        ]
[-15.18425431  -3.07060669   0.65203389   1.        ]
[-15.59068775  -2.19918542   0.28843517   1.        ]
[-15.34801083  -2.69976952   0.50039037   1.        ]
[-15.56887665  -2.17813717   0.26831755   1.        ]
[-17.11418455   1.34519208  -1.27291143   1.        ]
[-15.71306167  -1.791807     0.09705516   1.        ]
[-19.72369879   7.91272923  -4.18636758   1.        ]
[ -9.04726456 -17.96988733   7.20125165   1.        ]
[-15.59864728  -2.15209744   0.2262284    1.        ]
[-15.39895805  -2.63423823   0.43597253   1.        ]
[-17.98811154   4.01976487  -2.5419946    1.        ]
[-15.9883766   -1.18537348  -0.21648811   1.        ]
[-15.35047738  -2.75942836   0.47945548   1.        ]
[-15.96583727  -1.11501293  -0.25661894   1.        ]
[-24.57533101  22.80005145 -10.93307522   1.        ]
[-16.50343853   0.4379037   -0.95313568   1.        ]
[-24.16710946  22.49155913 -10.75466883   1.        ]
[-24.04196673  22.36773314 -10.61743866   1.        ]
[-14.60692839  -5.00126912   1.47061223   1.        ]
[-14.63035968  -4.99973372   1.46732221   1.        ]
